time,bpm
